v4
- 爬完所有book章节
- log有问题的数据还没处理
- website:        id=5  真实个数=5 
- comic_spider:   id=1667  真实个数=1620
- chapter_spider: id=71697 真实个数=68531

- log中数据：
-- 显示有warn的,可能有重复项的 bookid= 
	好多都是重复项1，什么原因触发的？ 共168个
		[9,12,20,21,39,47,49,60,71,74,96,105,106,111,114,124,144,148,153,159,
		163,166,173,190,208,210,214,220,231,233,240,246,251,256,257,262,263,267,
		274,294,302,325,354,355,367,369,372,391,392,412,418,433,440,443,447,451,
		466,473,495,513,516,523,532,533,534,545,553,556,559,564,566,570,572,577,
		578,583,608,623,649,718,719,733,763,776,777,781,797,832,834,853,855,860,
		874,886,889,900,921,928,930,932,961,964,968,969,976,996,1003,1012,1016,
		1019,1030,1040,1061,1112,1118,1119,1124,1149,1150,1152,1161,1167,1170,
		1187,1189,1191,1192,1197,1209,1213,1219,1225,1236,1239,1241,1243,1247,
		1250,1256,1262,1264,1267,1268,1270,1273,1277,1288,1293,1323,1325,1329,
		1343,1344,1357,1366,1375,1384,1452,1461,1474,1485,1511,1518,1520,1525,
		1561,1567,1605]
		
		已解决：
		[9,12,20,21,39,47,49,60,105,
		
		
		有疑问：
		- 没找到重复的？
		[71, 96
		
		不好弄
		- 没有第X话
		[74,106,111,114,124,144
		
		- 序号和实际章节有出入的
		[日志说有问题id是96，实际有问题id是97，这2个要看下，到98就没事，95也没事
		[148上下相关
		
	重复项1，什么原因触发的？ -》有2个叫第一话的，有个第一话是前言
	
	要注意下：
	1. 前言重复，加上
	2. 修改外传序号
-- 没有匹配上的 bookid= []


--------------------- 待实现步骤，很多comic_spider id和 chapter 对不上，还要一个一个对